356223 358006
356223 358021
356427 356969
356549 358922
356562 356784
356562 357628
356652 357558
356652 357880
356686 356763
356686 358879
356706 359577
356763 356686
356763 363348
356784 356562
356784 357888
356900 357437
356900 360270
356969 356427
356969 358261
356969 358467
357003 358668
357118 357524
357131 358467
357131 358625
357437 356900
357437 358021
357437 360447
357509 357691
357509 368449
357524 357118
357524 357690
357524 360301
357558 356652
357558 359427
357628 356562
357628 357888
357628 357958
357690 357524
357690 358006
357690 359269
357691 357509
357691 357813
357709 358255
357709 359864
357813 357691
357813 358879
357880 356652
357880 359407
357880 359427
357888 356784
357888 357628
357888 358866
357958 357628
357958 358866
357958 368339
358006 357690
358006 356223
358021 356223
358021 357437
358021 361115
358255 357709
358255 358625
358255 361043
358261 356969
358261 359407
358467 357131
358467 356969
358467 359299
358625 358255
358625 357131
358625 358895
358625 359145
358668 357003
358668 360301
358668 360383
358866 357888
358866 357958
358866 359053
358879 357813
358879 356686
358879 360359
358895 358625
358895 359299
358895 362499
358922 356549
358922 359026
358922 359577
359026 358922
359026 360968
359026 360968
359053 358866
359053 360270
359053 362313
359145 358625
359145 361903
359269 357690
359269 360805
359269 360872
359299 358895
359299 358467
359299 360037
359299 364044
359397 359916
359397 359916
359407 358261
359407 357880
359407 360923
359407 361227
359427 357880
359427 357558
359427 360383
359577 358922
359577 356706
359577 359660
359577 361558
359660 359577
359660 359916
359660 369821
359864 357709
359864 361043
359916 359660
359916 359397
359916 359397
359916 365977
360037 359299
360037 360223
360037 365430
360223 360037
360223 361013
360223 361013
360269 360270
360269 360719
360270 360269
360270 356900
360270 359053
360301 358668
360301 357524
360301 360861
360321 360322
360321 360439
360321 361701
360322 360321
360359 360360
360359 358879
360359 363392
360360 360359
360383 359427
360383 358668
360383 360923
360439 360321
360439 362671
360439 362671
360447 357437
360447 360719
360447 364821
360719 360447
360719 360269
360719 361085
360719 372858
360805 359269
360805 360916
360805 361130
360861 360301
360861 360872
360861 362413
360872 360861
360872 359269
360872 360916
360872 362666
360916 360872
360916 360805
360916 362842
360923 359407
360923 360383
360923 361508
360923 363053
360968 359026
360968 359026
360968 361558
361013 360223
361013 360223
361013 361227
361043 359864
361043 358255
361043 361903
361085 360719
361085 364667
361085 364667
361115 358021
361115 361130
361115 361130
361130 360805
361130 361115
361130 361115
361130 363447
361142 361171
361142 361756
361142 363694
361171 361142
361227 361013
361227 359407
361227 361935
361227 366238
361508 360923
361508 361766
361508 361935
361558 360968
361558 359577
361558 363112
361701 360321
361701 362689
361701 363636
361756 361142
361756 363112
361756 365952
361766 361508
361766 362441
361766 364464
361903 361043
361903 359145
361903 362499
361903 363458
361935 361227
361935 361508
361935 364271
362313 359053
362313 362689
362313 368013
362413 360861
362413 362666
362413 363149
362441 361766
362441 363237
362441 365740
362499 361903
362499 358895
362499 363445
362666 362413
362666 360872
362666 362842
362666 364367
362671 360439
362671 360439
362671 363979
362689 361701
362689 362313
362689 363636
362842 362666
362842 360916
362842 363092
363053 360923
363053 363149
363053 363237
363092 362842
363092 363447
363092 364963
363112 361756
363112 361558
363112 366622
363149 363053
363149 362413
363149 364109
363237 362441
363237 363053
363237 365740
363268 363348
363268 363842
363348 356763
363348 363268
363348 363392
363392 360359
363392 363348
363392 363525
363392 364321
363445 362499
363445 364044
363445 364126
363447 363092
363447 361130
363447 364821
363447 364991
363458 361903
363458 363758
363525 363392
363525 363557
363525 367434
363557 363558
363557 363525
363557 368449
363558 363557
363636 361701
363636 362689
363636 366902
363694 361142
363694 363842
363694 365074
363758 363458
363758 364126
363842 363268
363842 363694
363842 365250
363979 362671
363979 364016
363979 365399
364016 363979
364044 363445
364044 359299
364044 365430
364109 363149
364109 364367
364109 367399
364126 363758
364126 363445
364126 364744
364271 361935
364271 365036
364271 365891
364321 363392
364321 364614
364321 365613
364367 364109
364367 362666
364367 364963
364367 365679
364464 361766
364464 365036
364614 364321
364667 361085
364667 361085
364667 367545
364667 368474
364744 364126
364744 365782
364744 366282
364821 363447
364821 360447
364821 364991
364821 370106
364963 364367
364963 363092
364963 365291
364991 363447
364991 364821
364991 365291
365036 364271
365036 364464
365036 366542
365074 363694
365074 365250
365074 365928
365250 363842
365250 365074
365250 369562
365291 364963
365291 364991
365291 366702
365399 363979
365399 365448
365399 367467
365430 364044
365430 360037
365430 366238
365430 366306
365448 365399
365613 364321
365613 365996
365613 366847
365679 364367
365740 362441
365740 363237
365740 367480
365782 364744
365782 366406
365782 368853
365891 364271
365891 366542
365891 367237
365928 365074
365928 365932
365928 365968
365932 365928
365932 365952
365932 368141
365952 365932
365952 361756
365952 366622
365968 365928
365977 359916
365977 366012
365977 368275
365996 365613
366012 365977
366238 365430
366238 361227
366238 367237
366282 364744
366282 369134
366306 365430
366306 366406
366306 367234
366406 365782
366406 366306
366406 369525
366542 365891
366542 365036
366542 366828
366542 367965
366622 365952
366622 363112
366622 368141
366702 365291
366702 366956
366828 366542
366828 367474
366828 368851
366847 365613
366847 367434
366847 368453
366902 363636
366902 367467
366902 368525
366902 368544
366956 366702
366956 367117
366956 369383
367117 366956
367117 367399
367117 368378
367234 366306
367234 368182
367234 371112
367237 366238
367237 365891
367237 367899
367399 364109
367399 367117
367399 367480
367399 368179
367434 363525
367434 366847
367434 368824
367467 365399
367467 366902
367467 367615
367474 366828
367474 367480
367474 369772
367480 367474
367480 365740
367480 367399
367545 364667
367545 367726
367545 370077
367615 367467
367615 367713
367615 372370
367713 367615
367713 367744
367713 370174
367726 367545
367726 367744
367726 370510
367744 367726
367744 367745
367744 367713
367745 367744
367899 367237
367899 368182
367899 368444
367965 366542
368013 362313
368013 368339
368013 370680
368141 366622
368141 365932
368141 369779
368179 367399
368179 368437
368182 367234
368182 367899
368182 371954
368275 365977
368275 369805
368275 369812
368339 368013
368339 357958
368339 369286
368378 367117
368378 368437
368378 368892
368437 368179
368437 368378
368437 371213
368444 367899
368444 369244
368444 374763
368449 357509
368449 363557
368449 373815
368453 366847
368453 368825
368453 370227
368474 364667
368525 366902
368525 368647
368525 372089
368544 366902
368647 368525
368824 367434
368824 368825
368824 368850
368825 368824
368825 368453
368825 370968
368850 368824
368851 366828
368851 369244
368851 369772
368853 365782
368853 369134
368853 369525
368892 368378
368892 371639
369134 366282
369134 368853
369134 370196
369244 368444
369244 368851
369244 369856
369244 375107
369286 368339
369286 371420
369286 371842
369383 366956
369383 370106
369383 374111
369525 368853
369525 366406
369525 373097
369562 365250
369562 369779
369562 370568
369772 368851
369772 367474
369772 370502
369779 369562
369779 368141
369779 370483
369805 368275
369805 369812
369805 369836
369812 369805
369812 368275
369812 370015
369812 370024
369821 359660
369821 369836
369821 372446
369836 369821
369836 369838
369836 369805
369838 369836
369856 369244
369856 370352
369856 375417
370015 369812
370024 369812
370024 370912
370077 367545
370077 370277
370077 372041
370106 369383
370106 364821
370106 371860
370106 374329
370174 367713
370196 369134
370196 370363
370196 372901
370227 368453
370227 370477
370227 370968
370277 370077
370352 369856
370352 370730
370352 370856
370363 370196
370477 370227
370477 371143
370477 373630
370483 369779
370483 370568
370483 372913
370502 369772
370510 367726
370568 369562
370568 370483
370568 371118
370680 368013
370680 371420
370680 372089
370730 370352
370730 371592
370730 376009
370856 370352
370912 370024
370912 371484
370968 368825
370968 370227
371111 371112
371112 371111
371112 367234
371112 371954
371112 373691
371118 370568
371118 371143
371118 372466
371143 370477
371143 371118
371143 373369
371213 368437
371213 371592
371213 371876
371420 370680
371420 369286
371420 372002
371420 372107
371484 370912
371592 370730
371592 371213
371592 373047
371639 368892
371639 371876
371639 371876
371842 369286
371842 372218
371842 374018
371860 370106
371860 371861
371860 372858
371861 371860
371876 371213
371876 371639
371876 371639
371954 371112
371954 368182
371954 374425
372002 371420
372002 372218
372002 372934
372041 370077
372041 372209
372041 372947
372089 368525
372089 370680
372089 372203
372107 371420
372107 372934
372107 373045
372203 372089
372203 373529
372203 375016
372209 372041
372209 372211
372209 374505
372211 372209
372218 372002
372218 371842
372218 375982
372358 372554
372358 376128
372370 367615
372370 372372
372370 372413
372372 372370
372413 372370
372413 373901
372413 374505
372445 372446
372446 372445
372446 369821
372466 371118
372466 373134
372554 372358
372554 372700
372554 372700
372554 372700
372695 372901
372700 372554
372700 372554
372700 372554
372700 372913
372858 371860
372858 360719
372858 373190
372858 375559
372901 372695
372901 370196
372901 373097
372913 370483
372913 372700
372913 373134
372913 375333
372934 372107
372934 372002
372934 373942
372947 372041
372947 373063
372947 375486
373045 372107
373045 373942
373045 374271
373047 371592
373047 373767
373047 376179
373063 372947
373063 373190
373063 375507
373097 372901
373097 369525
373097 373345
373134 372466
373134 372913
373134 373369
373190 372858
373190 373063
373190 375507
373239 373240
373240 373239
373240 373259
373240 373334
373259 373240
373259 373262
373259 374243
373262 373259
373334 373240
373334 373874
373334 374538
373345 373097
373345 373691
373369 371143
373369 373134
373369 373630
373529 372203
373529 373901
373529 374863
373630 370477
373630 373369
373630 374243
373691 373345
373691 371112
373691 373787
373691 374954
373767 373768
373767 373047
373767 374111
373768 373767
373787 373691
373787 373839
373787 374553
373815 368449
373815 375481
373815 376859
373839 373787
373839 374425
373874 373334
373901 372413
373901 373529
373901 375975
373942 373045
373942 372934
373942 375066
374018 371842
374018 376846
374018 383040
374111 373767
374111 369383
374111 379337
374243 373259
374243 373630
374243 374538
374271 373045
374271 375066
374271 375288
374329 370106
374329 375559
374329 379337
374425 373839
374425 371954
374425 374763
374425 377913
374505 372209
374505 372413
374505 375975
374538 373334
374538 374243
374538 374949
374553 373787
374763 374425
374763 368444
374763 375107
374863 373529
374863 375016
374949 374950
374949 374538
374949 375481
374950 374949
374954 373691
375016 374863
375016 372203
375016 375288
375016 377093
375066 374271
375066 373942
375066 375982
375107 374763
375107 369244
375107 375417
375137 375138
375137 375333
375137 380974
375138 375137
375138 375248
375138 375614
375248 375138
375248 375313
375288 375016
375288 374271
375288 375982
375313 375248
375313 375439
375313 379778
375333 375137
375333 372913
375333 380978
375417 375107
375417 369856
375417 376009
375417 381292
375439 375313
375439 375663
375439 381887
375481 373815
375481 374949
375481 382855
375486 372947
375486 375507
375486 375703
375486 375709
375507 373063
375507 375486
375507 375703
375507 373190
375559 374329
375559 372858
375559 376103
375614 375138
375614 381353
375663 375439
375663 382183
375663 382395
375703 375507
375703 375486
375703 375833
375703 376508
375709 375486
375709 375712
375709 375867
375712 375709
375833 375703
375833 375867
375833 376164
375867 375833
375867 375709
375867 375975
375867 376799
375975 375867
375975 374505
375975 373901
375975 378033
375982 375288
375982 375066
375982 372218
375982 379397
376009 375417
376009 370730
376009 376179
376009 377450
376103 375559
376103 376370
376103 377586
376128 372358
376128 376874
376128 379970
376164 375833
376164 376462
376164 376462
376179 376009
376179 373047
376179 376979
376370 376103
376370 376903
376370 378775
376462 376164
376462 376164
376462 376580
376508 375703
376508 376580
376508 376922
376580 376508
376580 376462
376580 376799
376799 376580
376799 375867
376799 377501
376846 374018
376846 392957
376859 373815
376859 392906
376874 376128
376874 379632
376903 376370
376903 377753
376903 377961
376922 376508
376979 376179
376979 379099
376979 381388
377093 375016
377093 377484
377450 376009
377450 377722
377450 378878
377483 377484
377483 379098
377483 383057
377484 377483
377484 377093
377501 376799
377586 376103
377586 378352
377586 379947
377722 377450
377753 376903
377753 377911
377753 379422
377911 377753
377911 378331
377911 382067
377913 374425
377913 378840
377913 382241
377961 376903
377961 379159
378033 375975
378033 378367
378033 382375
378331 377911
378331 378370
378331 382165
378352 377586
378352 378722
378352 378775
378367 378033
378367 378370
378367 382225
378370 378331
378370 378367
378370 382213
378722 378352
378722 380507
378722 381281
378775 378352
378775 376370
378775 379482
378840 377913
378840 381104
378840 381891
378878 377450
378878 379230
378878 379727
379098 377483
379098 379397
379098 383393
379099 376979
379099 379337
379099 382157
379159 379160
379159 377961
379159 381783
379160 379159
379230 378878
379230 379232
379230 381388
379232 379230
379337 379099
379337 374111
379337 374329
379337 379947
379337 383468
379397 379098
379397 375982
379397 383515
379422 377753
379422 379426
379422 380436
379426 379422
379482 378775
379482 381709
379632 376874
379632 379970
379727 379728
379727 378878
379727 380742
379728 379727
379778 375313
379947 379337
379947 377586
379947 380507
379970 376128
379970 379632
379970 380556
380137 380347
380137 383898
380347 380137
380347 381241
380347 384471
380436 379422
380436 380438
380436 381951
380438 380436
380507 379947
380507 378722
380507 381081
380507 381307
380555 380556
380556 380555
380556 379970
380556 380978
380742 379727
380742 381357
380742 383732
380974 375137
380974 380976
380974 381220
380974 381353
380976 380974
380978 375333
380978 380556
380978 381220
380978 381320
381081 380507
381081 381281
381081 383431
381104 378840
381104 381392
381220 380974
381220 380978
381220 381589
381241 380347
381241 381320
381241 381520
381281 381081
381281 378722
381281 381537
381292 375417
381307 380507
381320 380978
381320 381241
381320 381541
381353 375614
381353 380974
381353 381589
381353 381887
381357 381358
381357 380742
381357 382564
381358 381357
381388 379230
381388 376979
381388 382774
381392 381104
381392 381891
381392 383735
381520 381241
381520 381522
381520 381735
381520 385392
381522 381520
381537 381281
381537 381679
381537 382393
381541 381320
381541 381721
381541 381862
381589 381353
381589 381220
381589 382051
381679 381537
381679 381709
381679 383996
381709 381679
381709 379482
381709 381741
381721 381541
381721 381941
381721 381998
381735 381520
381735 381862
381735 383074
381741 381709
381741 381744
381741 381783
381744 381741
381783 381741
381783 379159
381783 381797
381797 381783
381797 381867
381797 384962
381862 381541
381862 381735
381862 381998
381862 383116
381867 381797
381867 381870
381867 381923
381870 381867
381887 375439
381887 381353
381887 382051
381887 382183
381891 381392
381891 378840
381891 382241
381891 384419
381923 381867
381923 381926
381923 381933
381926 381923
381933 381923
381933 381951
381933 383713
381941 381721
381941 382199
381941 382541
381951 381933
381951 380436
381951 382067
381998 381721
381998 381862
381998 382199
381998 385704
382051 381887
382051 381589
382051 382453
382067 381951
382067 377911
382067 382165
382157 379099
382165 382067
382165 378331
382165 382211
382183 375663
382183 381887
382183 382395
382183 382453
382199 381941
382199 381998
382199 382803
382199 385883
382211 382165
382211 382213
382211 386339
382213 382211
382213 378370
382213 382225
382225 382213
382225 378367
382225 382231
382225 386324
382231 382225
382231 382234
382231 382375
382234 382231
382241 381891
382241 377913
382241 384983
382375 382231
382375 378033
382375 382501
382393 381537
382393 383280
382393 383280
382395 375663
382395 382183
382395 382487
382395 382679
382453 382183
382453 382051
382453 382679
382487 382395
382501 382375
382501 382559
382501 386254
382541 381941
382541 382803
382541 383235
382559 382501
382559 382562
382559 382639
382562 382559
382564 381357
382564 382688
382564 384324
382639 382559
382639 382642
382639 382721
382642 382639
382679 382395
382679 382453
382679 382855
382688 382564
382721 382639
382721 382724
382721 382799
382724 382721
382774 381388
382774 382776
382774 383546
382776 382774
382799 382721
382799 382802
382799 382923
382802 382799
382803 382541
382803 382199
382803 386387
382803 386631
382855 375481
382855 382679
382855 383040
382855 383235
382923 382799
382923 382926
382923 383057
382926 382923
383040 374018
383040 382855
383040 383358
383040 383841
383043 383044
383044 383043
383044 384040
383044 384196
383057 382923
383057 377483
383057 383393
383057 385067
383074 381735
383074 383116
383074 385525
383116 381862
383116 383074
383116 383196
383196 383116
383235 382855
383235 382541
383235 383358
383235 386641
383280 382393
383280 382393
383280 387115
383358 383040
383358 383235
383358 384469
383358 391036
383393 383057
383393 379098
383393 383515
383431 383432
383431 381081
383431 383508
383432 383431
383468 379337
383468 383569
383508 383431
383508 384190
383508 384196
383515 383393
383515 379397
383515 383841
383515 384340
383545 383546
383545 383732
383546 383545
383546 382774
383546 383569
383546 384460
383569 383546
383569 383468
383569 383583
383569 386935
383583 383569
383583 387141
383713 381933
383713 384621
383732 380742
383732 383545
383732 384460
383735 381392
383735 384419
383841 383515
383841 383040
383841 384340
383898 380137
383898 384166
383966 384320
383996 381679
384040 383044
384040 385816
384040 386216
384166 383898
384166 384471
384166 384870
384190 383508
384196 383044
384196 383508
384196 385000
384221 384222
384221 384381
384221 385067
384222 384221
384320 383966
384320 385298
384324 382564
384324 384466
384324 385267
384340 383515
384340 383841
384340 385259
384381 384221
384381 384886
384419 383735
384419 381891
384419 384983
384460 383732
384460 383546
384460 384466
384466 384324
384466 384460
384466 386003
384469 383358
384469 384649
384469 385578
384471 380347
384471 384166
384471 385221
384471 385486
384621 383713
384621 384624
384621 386499
384624 384621
384649 384469
384649 384651
384649 384796
384649 385907
384651 384649
384651 385833
384651 387206
384796 384649
384796 384886
384796 385014
384870 384166
384870 385221
384870 385342
384886 384796
384886 384381
384962 381797
384983 384419
384983 382241
384983 385171
384983 385267
385000 384196
385014 384796
385014 385782
385014 385863
385067 383057
385067 384221
385067 385259
385067 386254
385171 384983
385171 385298
385221 384471
385221 384870
385221 385508
385259 385067
385259 384340
385259 385578
385259 386466
385267 384983
385267 384324
385267 386003
385298 384320
385298 385171
385298 386348
385298 387358
385342 384870
385342 387043
385392 381520
385392 385525
385392 387230
385486 384471
385486 386018
385486 386296
385508 385221
385508 386018
385508 387325
385525 383074
385525 385392
385525 385557
385557 385525
385557 385704
385557 387787
385578 385259
385578 384469
385578 385782
385578 386409
385704 381998
385704 385557
385704 385883
385704 388496
385782 385578
385782 385014
385782 386528
385782 386913
385816 384040
385816 386216
385816 386352
385833 384651
385863 385014
385863 385878
385863 385907
385878 385863
385878 386022
385878 387182
385883 382199
385883 385704
385883 385895
385895 385883
385895 386286
385895 389859
385907 385863
385907 384649
385907 387945
385928 388614
386003 385267
386003 384466
386003 386348
386003 387141
386018 385486
386018 385508
386018 388054
386022 385878
386022 387768
386022 387934
386216 385816
386216 384040
386216 388072
386254 382501
386254 385067
386254 386466
386254 386816
386285 386286
386286 386285
386286 385895
386286 386387
386286 391423
386296 385486
386296 386504
386324 382225
386324 386339
386324 386816
386339 382211
386339 386324
386339 386499
386348 385298
386348 386003
386348 386938
386348 387062
386352 385816
386387 382803
386387 386286
386387 386473
386387 391867
386409 385578
386409 386528
386409 386723
386445 386446
386446 386445
386446 386461
386446 387115
386461 386446
386461 386481
386461 387960
386466 386254
386466 385259
386466 387050
386473 386474
386473 386387
386473 386631
386474 386473
386481 386461
386481 386484
386481 386499
386484 386481
386499 384621
386499 386339
386499 386481
386504 386296
386504 387230
386504 388923
386528 386409
386528 385782
386528 386962
386528 387762
386631 382803
386631 386473
386631 386641
386631 391690
386641 383235
386641 386631
386641 391677
386723 386409
386723 386962
386723 387270
386816 386324
386816 386254
386816 387050
386816 387960
386913 386914
386913 385782
386913 387768
386914 386913
386935 383569
386935 1019263
386938 386348
386938 387062
386938 387358
386938 388998
386962 386723
386962 386528
386962 387446
386962 391202
387043 385342
387043 387325
387050 386816
387050 386466
387050 387270
387050 388220
387062 386348
387062 387268
387062 386938
387115 383280
387115 386446
387115 387511
387115 388776
387141 386003
387141 383583
387141 388285
387182 385878
387206 384651
387206 393802
387230 385392
387230 386504
387230 387787
387230 389420
387268 387062
387268 387852
387268 388342
387270 387050
387270 386723
387270 387446
387270 388143
387325 385508
387325 387043
387325 388054
387358 385298
387358 386938
387358 387510
387446 387270
387446 386962
387446 388429
387446 391454
387510 387358
387510 388614
387510 390248
387511 387512
387511 387115
387511 388019
387512 387511
387762 386528
387762 389328
387762 389480
387768 386913
387768 386022
387768 388721
387787 385557
387787 387230
387787 388496
387852 387268
387852 388038
387852 388975
387934 386022
387934 387945
387934 389404
387945 387934
387945 385907
387945 391269
387960 386461
387960 386816
387960 388220
387960 388483
388019 387511
388019 388072
388019 388859
388038 387852
388038 388560
388038 389892
388054 386018
388054 387325
388054 388246
388054 388328
388072 386216
388072 388019
388072 388285
388072 388647
388143 387270
388143 388429
388143 388617
388220 387960
388220 387050
388220 388711
388246 388054
388246 388640
388246 388923
388285 387141
388285 388072
388285 388647
388328 388054
388328 388640
388328 391434
388342 387268
388342 388619
388342 389484
388429 388143
388429 387446
388429 388852
388429 393296
388483 388484
388483 387960
388483 388711
388483 388776
388483 1019311
388484 388483
388496 385704
388496 387787
388496 389807
388496 390910
388560 388038
388560 389124
388560 389310
388614 385928
388614 387510
388614 390368
388617 388143
388617 388852
388617 389029
388619 388342
388619 388975
388619 389713
388640 388246
388640 388328
388640 391652
388647 388285
388647 388072
388647 388859
388711 388483
388711 388220
388711 388934
388721 388722
388721 387768
388721 390035
388722 388721
388775 388776
388776 388775
388776 387115
388776 388483
388776 1019311
388776 388934
388852 388617
388852 388429
388852 389236
388852 393120
388859 388647
388859 388019
388859 388934
388923 386504
388923 388246
388923 389420
388923 392049
388934 388776
388934 388711
388934 388859
388975 388619
388975 387852
388975 389937
388998 386938
388998 390156
388998 391584
389029 388617
389029 389233
389029 389236
389124 388560
389124 389233
389124 391920
389233 389029
389233 389124
389233 389443
389236 389029
389236 388852
389236 389443
389236 1019331
389236 394029
389310 388560
389310 389892
389310 391350
389328 387762
389359 389360
389359 389396
389359 391690
389360 389359
389396 389359
389404 387934
389404 389430
389404 389864
389420 387230
389420 388923
389420 393104
389430 389404
389443 389233
389443 389236
389443 1019331
389443 389458
389443 389617
389458 389443
389480 387762
389484 388342
389484 389642
389484 389713
389617 389443
389617 390023
389617 391969
389641 389642
389642 389641
389642 389484
389642 390682
389713 389484
389713 388619
389713 389937
389713 391407
389807 388496
389807 389979
389807 390470
389859 385895
389859 389979
389859 391724
389864 389404
389864 390369
389892 388038
389892 389310
389892 391350
389933 389934
389933 390035
389933 392122
389934 389933
389934 391202
389934 394323
389937 389713
389937 388975
389937 391020
389979 389859
389979 389807
389979 391802
390023 390024
390023 389617
390023 390979
390024 390023
390035 389933
390035 388721
390035 390426
390156 388998
390156 390248
390156 392072
390248 387510
390248 390156
390248 392072
390368 388614
390368 390772
390368 391196
390369 389864
390369 390500
390369 391859
390426 390035
390426 390428
390426 392122
390428 390426
390470 389807
390500 390369
390682 389642
390682 391668
390682 391728
390772 390368
390772 391279
390910 388496
390910 391636
390910 393466
390979 390023
391020 389937
391020 391407
391020 393979
391036 383358
391036 391805
391036 392956
391196 390368
391196 391279
391196 392558
391202 386962
391202 389934
391202 391454
391269 387945
391269 391288
391279 390772
391279 391196
391288 391269
391288 391290
391288 391308
391290 391288
391308 391288
391350 389892
391350 389310
391350 392830
391407 389713
391407 391020
391407 391439
391407 393913
391423 386286
391423 391724
391423 391867
391434 388328
391434 391652
391439 391407
391439 391728
391439 392462
391454 387446
391454 391202
391454 392416
391584 388998
391584 391668
391635 391636
391636 391635
391636 390910
391636 392400
391652 388640
391652 391434
391652 392216
391668 391584
391668 390682
391668 391728
391677 386641
391677 391690
391677 392707
391690 391677
391690 386631
391690 389359
391690 392669
391724 391423
391724 389859
391724 391802
391728 390682
391728 391439
391728 391668
391802 391724
391802 389979
391802 392788
391805 391036
391805 393055
391805 393776
391859 391860
391859 390369
391859 393749
391860 391859
391867 386387
391867 391423
391867 392669
391920 389124
391920 392177
391920 393002
391969 389617
391969 392225
391969 394029
392049 388923
392049 392627
392072 390248
392072 390156
392072 393772
392122 389933
392122 390426
392122 392204
392177 391920
392177 392357
392204 392122
392204 392206
392204 393940
392206 392204
392216 391652
392216 392627
392225 391969
392225 392443
392227 392228
392228 392227
392228 393117
392357 392177
392357 392830
392381 392382
392382 392381
392382 392416
392382 394059
392400 391636
392416 391454
392416 392382
392443 392444
392443 392225
392443 392633
392444 392443
392462 391439
392462 393777
392558 391196
392627 392049
392627 392216
392627 392802
392633 392443
392633 393192
392633 394089
392669 391690
392669 391867
392669 392707
392707 391677
392707 392669
392707 392905
392788 391802
392788 393052
392788 393228
392802 392627
392802 393104
392830 391350
392830 392357
392905 392906
392905 392707
392906 392905
392906 376859
392956 391036
392956 392957
392957 392956
392957 376846
393002 391920
393002 393192
393052 392788
393052 393054
393054 393052
393055 391805
393055 393802
393104 389420
393104 392802
393104 393466
393117 392228
393117 393120
393117 393296
393120 388852
393120 393117
393192 392633
393192 393002
393228 392788
393296 393117
393296 388429
393466 390910
393466 393104
393749 391859
393749 393864
393772 392072
393776 391805
393777 392462
393777 393791
393791 393777
393802 387206
393802 393055
393847 393848
393847 393850
393847 393959
393848 393847
393850 393847
393864 393749
393913 391407
393913 393979
393940 392204
393940 394235
393959 393847
393979 393913
393979 391020
394029 391969
394029 389236
394029 394115
394059 392382
394059 394062
394062 394059
394089 392633
394115 394029
394235 393940
394285 394286
394286 394285
394323 389934
394323 394330
394330 394323
1018909 1018910
1018909 1018913
1018909 1018935
1018910 1018909
1018913 1018914
1018913 1018909
1018913 1018933
1018914 1018913
1018933 1018913
1018935 1018909
1019203 1019204
1019204 1019203
1019263 386935
1019263 1019287
1019287 1019263
1019287 1019299
1019299 1019287
1019311 388483
1019311 388776
1019311 1019312
1019312 1019311
1019312 1019328
1019328 1019312
1019328 1019331
1019331 389236
1019331 389443
1019331 1019328
