0 1 17
0 5 10
1 0 17
1 2 9
1 8 27
2 1 9
2 17 59
3 22 96
4 11 65
4 24 106
5 0 10
5 6 9
5 6 40
6 5 9
6 5 40
6 7 11
7 6 11
7 8 30
8 7 30
8 1 27
8 15 20
9 215 311
10 213 312
11 4 65
11 23 77
12 14 9
13 14 2
13 21 107
13 73 162
14 13 2
14 12 9
15 8 20
16 18 33
17 2 59
17 19 8
17 53 147
18 16 33
18 20 12
18 45 98
19 17 8
19 20 3
19 50 99
20 18 12
20 19 3
20 49 98
21 13 107
21 22 29
21 79 113
22 21 29
22 3 96
22 80 108
23 11 77
23 24 49
24 4 106
24 23 49
24 27 71
25 26 16
25 82 92
26 25 16
26 31 117
26 89 104
27 24 71
27 29 55
28 30 5
28 33 48
29 27 55
29 30 31
29 32 8
30 28 5
30 29 31
30 37 48
31 26 117
31 32 12
31 34 6
32 29 8
32 31 12
32 36 28
33 28 48
33 37 5
33 41 68
34 31 6
34 35 59
34 39 26
34 100 98
35 34 59
36 32 28
36 38 22
36 40 7
37 33 5
37 30 48
37 44 68
38 36 22
38 42 31
38 43 7
39 34 26
39 40 13
39 74 33
40 36 7
40 39 13
40 43 23
40 75 32
41 33 68
41 44 5
41 46 53
42 38 31
42 47 7
42 58 92
43 38 7
43 40 23
43 47 31
43 106 94
44 41 5
44 37 68
44 55 53
45 18 98
45 48 9
46 41 53
46 54 37
46 55 6
47 42 7
47 43 31
47 68 92
47 111 93
48 45 9
48 49 2
48 121 105
49 48 2
49 20 98
49 50 2
50 49 2
50 19 99
50 51 3
50 120 104
51 50 3
51 52 94
51 53 40
52 51 94
53 51 40
53 17 147
53 57 26
54 46 37
54 56 28
54 63 6
55 46 6
55 44 53
55 63 37
56 54 28
57 53 26
57 59 14
57 116 96
58 42 92
58 68 5
58 77 92
59 57 14
59 60 23
59 61 9
60 59 23
61 59 9
61 62 64
61 64 16
62 61 64
63 54 6
63 55 37
63 69 26
64 61 16
64 65 52
64 66 13
65 64 52
66 64 13
66 67 110
66 70 21
67 66 110
68 58 5
68 47 92
68 122 91
68 129 166
69 63 26
69 72 22
69 77 9
70 66 21
70 71 25
70 73 30
71 70 25
72 69 22
72 78 8
72 81 81
73 70 30
73 13 162
73 79 69
73 96 53
74 39 33
74 75 10
74 103 64
75 40 32
75 74 10
75 76 12
76 75 12
77 69 9
77 58 92
77 78 21
77 130 87
78 72 8
78 77 21
78 88 112
78 178 187
79 73 69
79 21 113
79 80 27
80 79 27
80 22 108
80 81 46
80 86 20
81 80 46
81 72 81
81 86 48
82 25 92
82 83 10
83 82 10
83 89 22
83 93 21
84 85 13
84 87 13
84 96 97
85 84 13
86 80 20
86 81 48
86 98 102
87 84 13
87 94 14
88 78 112
88 90 5
88 105 120
89 26 104
89 83 22
89 97 22
89 101 46
90 88 5
90 91 35
90 92 16
90 113 33
91 90 35
91 108 117
91 139 72
92 90 16
92 94 13
92 95 22
93 83 21
93 97 23
93 99 15
94 92 13
94 87 14
95 92 22
95 107 81
95 109 21
96 73 53
96 84 97
96 98 5
96 116 116
97 89 22
97 93 23
97 102 14
98 96 5
98 86 102
98 105 7
98 124 116
99 93 15
99 136 55
100 34 98
100 103 21
100 140 46
101 89 46
101 114 16
101 119 35
102 97 14
102 114 28
102 142 54
103 74 64
103 100 21
103 104 3
104 103 3
104 106 35
104 146 57
105 98 7
105 88 120
105 107 4
105 123 78
106 43 94
106 104 35
106 111 30
106 152 77
107 105 4
107 95 81
107 128 77
107 133 27
108 91 117
109 95 21
109 110 1
109 113 32
110 109 1
110 115 21
110 138 32
111 47 93
111 106 30
111 112 2
112 111 2
112 118 68
112 166 100
113 109 32
113 90 33
113 148 53
114 101 16
114 102 28
114 149 57
115 110 21
115 145 79
115 147 47
116 57 96
116 96 116
116 124 4
116 132 57
117 118 55
118 117 55
118 112 68
118 122 25
118 184 122
119 101 35
119 127 12
120 50 104
120 121 5
120 132 12
121 48 105
121 120 5
122 68 91
122 118 25
122 125 25
122 197 131
123 105 78
123 128 4
123 131 36
124 116 4
124 98 116
124 137 56
125 126 31
125 122 25
125 129 61
126 125 31
127 119 12
127 140 36
127 156 60
128 123 4
128 107 77
128 135 37
128 144 32
129 68 166
129 125 61
129 130 4
129 191 120
130 77 87
130 129 4
130 190 119
131 123 36
131 135 4
131 141 56
132 120 12
132 116 57
132 137 5
133 134 16
133 107 27
133 145 23
134 133 16
135 131 4
135 128 37
135 143 54
135 179 106
136 99 55
136 142 18
137 132 5
137 124 56
137 141 7
138 110 32
139 91 72
139 224 186
140 100 46
140 127 36
140 146 24
140 162 54
141 137 7
141 131 56
141 143 4
142 102 54
142 136 18
142 149 30
143 141 4
143 135 54
143 186 93
144 128 32
144 157 35
144 164 50
145 133 23
145 115 79
145 154 19
146 104 57
146 140 24
146 152 22
147 115 47
147 148 49
147 161 34
148 147 49
148 113 53
148 180 77
149 114 57
149 142 30
149 150 11
149 151 5
150 149 11
150 153 9
150 156 47
151 149 5
151 153 10
151 185 81
152 106 77
152 146 22
152 165 49
152 177 63
153 150 9
153 151 10
153 189 78
154 155 58
154 145 19
154 171 33
155 154 58
156 127 60
156 150 47
156 162 37
156 198 77
157 144 35
158 159 28
158 160 19
158 191 116
159 158 28
160 158 19
161 147 34
161 163 19
161 167 11
162 140 54
162 156 37
162 219 90
163 161 19
164 144 50
165 152 49
165 170 6
165 175 18
166 112 100
166 170 3
166 192 77
167 161 11
167 172 12
168 169 30
168 171 24
168 199 74
169 168 30
169 179 80
169 230 105
170 166 3
170 165 6
170 193 76
171 168 24
171 154 33
171 173 9
172 167 12
172 176 28
172 195 34
173 171 9
173 174 28
173 199 40
174 173 28
175 165 18
176 172 28
177 152 63
177 188 40
177 221 66
178 78 187
178 194 21
178 214 51
179 135 106
179 169 80
179 186 43
180 148 77
180 181 18
181 180 18
181 182 10
181 183 6
182 181 10
183 181 6
184 118 122
184 192 14
184 197 30
185 151 81
185 189 13
186 143 93
186 179 43
186 206 24
187 188 4
188 187 4
188 177 40
188 205 21
189 153 78
189 185 13
189 202 36
190 130 119
190 191 5
190 209 26
191 190 5
191 129 120
191 158 116
191 208 24
192 184 14
192 166 77
192 193 2
193 192 2
193 170 76
193 210 27
194 178 21
194 218 45
194 223 47
195 196 16
195 172 34
195 222 45
196 195 16
197 122 131
197 184 30
197 208 89
198 156 77
198 207 14
199 168 74
199 173 40
199 200 1
200 199 1
200 201 23
200 226 41
201 200 23
202 189 36
202 207 26
203 204 13
204 203 13
204 206 26
204 227 38
205 188 21
206 186 24
206 204 26
207 198 14
207 202 26
207 211 8
208 191 24
208 197 89
208 209 4
209 190 26
209 208 4
209 212 6
210 193 27
210 216 8
210 220 18
211 207 8
211 219 30
212 213 93
212 209 6
213 212 93
213 10 312
214 178 51
214 215 95
215 214 95
215 9 311
216 210 8
216 217 7
217 216 7
218 194 45
218 224 30
219 162 90
219 211 30
219 221 19
220 210 18
221 177 66
221 219 19
222 195 45
222 225 20
223 194 47
224 139 186
224 218 30
225 222 20
226 200 41
226 229 37
227 204 38
227 228 10
228 227 10
229 226 37
230 169 105
230 231 13
231 230 13
